
################################################################################
# Gelman-Rubin Diagnostic
################################################################################

Generally the Gelman diagnostic should be < 1.05


Out of 173 variables: 55 > 1.01

                      
8 > 1.05

                      
6 > 1.1


The worst variables are:

              Point est. Upper C.I.
ilr.fac1[1,1]   1.257413   1.922047
ilr.fac1[1,2]   1.221299   1.721223
ilr.fac1[2,1]   1.151262   1.448872
ilr.cont1[1]    1.149849   1.314164
ilr.cont1[2]    1.146728   1.303146
ilr.fac1[2,2]   1.122003   1.352850
fac1.sig        1.098461   1.294006
ilr.global[1]   1.064817   1.211771
p.global[1]     1.048097   1.143983
ilr.global[2]   1.034267   1.115178


And here are the Gelman diagnostics for all variables:

              Point est. Upper C.I.
deviance       0.9996963  1.0015191
fac1.sig       1.0984609  1.2940057
ilr.cont1[1]   1.1498490  1.3141642
ilr.cont1[2]   1.1467277  1.3031456
ilr.fac1[1,1]  1.2574131  1.9220467
ilr.fac1[2,1]  1.1512616  1.4488716
ilr.fac1[1,2]  1.2212994  1.7212232
ilr.fac1[2,2]  1.1220026  1.3528498
ilr.global[1]  1.0648170  1.2117709
ilr.global[2]  1.0342666  1.1151776
loglik[1]      1.0000164  1.0017377
loglik[2]      1.0006075  1.0032223
loglik[3]      1.0001116  1.0015277
loglik[4]      1.0026289  1.0108236
loglik[5]      0.9992376  0.9992487
loglik[6]      0.9995835  1.0008815
loglik[7]      1.0014645  1.0020502
loglik[8]      1.0011144  1.0044303
loglik[9]      1.0006653  1.0050318
loglik[10]     1.0001773  1.0033094
loglik[11]     1.0002043  1.0027173
loglik[12]     1.0013963  1.0044387
loglik[13]     1.0000853  1.0027823
loglik[14]     1.0015607  1.0041937
loglik[15]     1.0011378  1.0042261
loglik[16]     0.9998676  0.9999154
loglik[17]     1.0027566  1.0110803
loglik[18]     0.9993207  0.9997688
loglik[19]     1.0004781  1.0015855
loglik[20]     1.0005097  1.0020121
loglik[21]     1.0006948  1.0032965
loglik[22]     1.0025712  1.0106262
loglik[23]     1.0028818  1.0089021
loglik[24]     1.0026028  1.0082889
loglik[25]     1.0004988  1.0013500
loglik[26]     1.0021182  1.0057431
loglik[27]     1.0049435  1.0178435
loglik[28]     1.0054173  1.0215872
loglik[29]     1.0021366  1.0091832
loglik[30]     1.0064860  1.0178122
loglik[31]     1.0036501  1.0135029
loglik[32]     1.0003466  1.0011766
loglik[33]     1.0020729  1.0076188
loglik[34]     1.0028848  1.0109928
loglik[35]     1.0034062  1.0120988
loglik[36]     1.0019684  1.0069456
loglik[37]     1.0041667  1.0154974
loglik[38]     1.0016958  1.0053712
p.fac1[1,1]    1.0146896  1.0491566
p.fac1[2,1]    1.0134495  1.0427115
p.fac1[1,2]    1.0070986  1.0173686
p.fac1[2,2]    1.0036130  1.0094420
p.fac1[1,3]    1.0084535  1.0224154
p.fac1[2,3]    1.0043198  1.0115117
p.global[1]    1.0480965  1.1439826
p.global[2]    1.0132821  1.0495845
p.global[3]    1.0070283  1.0185525
p.ind[1,1]     1.0181871  1.0630077
p.ind[2,1]     1.0133019  1.0418740
p.ind[3,1]     1.0166285  1.0571913
p.ind[4,1]     1.0113921  1.0314363
p.ind[5,1]     1.0133019  1.0418740
p.ind[6,1]     1.0187910  1.0651417
p.ind[7,1]     1.0176248  1.0609649
p.ind[8,1]     1.0123328  1.0363260
p.ind[9,1]     1.0138775  1.0450292
p.ind[10,1]    1.0146722  1.0489337
p.ind[11,1]    1.0156103  1.0530717
p.ind[12,1]    1.0187910  1.0651417
p.ind[13,1]    1.0152663  1.0516005
p.ind[14,1]    1.0197643  1.0684596
p.ind[15,1]    1.0215984  1.0727464
p.ind[16,1]    1.0168617  1.0580945
p.ind[17,1]    1.0138775  1.0450292
p.ind[18,1]    1.0144166  1.0477265
p.ind[19,1]    1.0128439  1.0391993
p.ind[20,1]    1.0172033  1.0611046
p.ind[21,1]    1.0153327  1.0463070
p.ind[22,1]    1.0171244  1.0606292
p.ind[23,1]    1.0171667  1.0440161
p.ind[24,1]    1.0158338  1.0455029
p.ind[25,1]    1.0147316  1.0519124
p.ind[26,1]    1.0153460  1.0462795
p.ind[27,1]    1.0156267  1.0457887
p.ind[28,1]    1.0174180  1.0428495
p.ind[29,1]    1.0150494  1.0470327
p.ind[30,1]    1.0168274  1.0613610
p.ind[31,1]    1.0157148  1.0456611
p.ind[32,1]    1.0147250  1.0518284
p.ind[33,1]    1.0156345  1.0535960
p.ind[34,1]    1.0160799  1.0590819
p.ind[35,1]    1.0162847  1.0450036
p.ind[36,1]    1.0151542  1.0467264
p.ind[37,1]    1.0165878  1.0447081
p.ind[38,1]    1.0064411  1.0168143
p.ind[1,2]     1.0052337  1.0152702
p.ind[2,2]     1.0035161  1.0090912
p.ind[3,2]     1.0048787  1.0140045
p.ind[4,2]     1.0025180  1.0055021
p.ind[5,2]     1.0035161  1.0090912
p.ind[6,2]     1.0053521  1.0156903
p.ind[7,2]     1.0051152  1.0148486
p.ind[8,2]     1.0028767  1.0067821
p.ind[9,2]     1.0038672  1.0103623
p.ind[10,2]    1.0042456  1.0117294
p.ind[11,2]    1.0045866  1.0129572
p.ind[12,2]    1.0053521  1.0156903
p.ind[13,2]    1.0044715  1.0125435
p.ind[14,2]    1.0055291  1.0163152
p.ind[15,2]    1.0062282  1.0187424
p.ind[16,2]    1.0049376  1.0142153
p.ind[17,2]    1.0038672  1.0103623
p.ind[18,2]    1.0041351  1.0113305
p.ind[19,2]    1.0031971  1.0079373
p.ind[20,2]    1.0094701  1.0259568
p.ind[21,2]    1.0059630  1.0132078
p.ind[22,2]    1.0095007  1.0260648
p.ind[23,2]    1.0040804  1.0065846
p.ind[24,2]    1.0054192  1.0112392
p.ind[25,2]    1.0077531  1.0197709
p.ind[26,2]    1.0059471  1.0131498
p.ind[27,2]    1.0056331  1.0120103
p.ind[28,2]    1.0034945  1.0047337
p.ind[29,2]    1.0063348  1.0145654
p.ind[30,2]    1.0091068  1.0246707
p.ind[31,2]    1.0055408  1.0116769
p.ind[32,2]    1.0077364  1.0197097
p.ind[33,2]    1.0097096  1.0268029
p.ind[34,2]    1.0088124  1.0236187
p.ind[35,2]    1.0049804  1.0096742
p.ind[36,2]    1.0061882  1.0140293
p.ind[37,2]    1.0046909  1.0086592
p.ind[38,2]    1.0024466  1.0027933
p.ind[1,3]     1.0064916  1.0193625
p.ind[2,3]     1.0041977  1.0110709
p.ind[3,3]     1.0059831  1.0175209
p.ind[4,3]     1.0029457  1.0065724
p.ind[5,3]     1.0041977  1.0110709
p.ind[6,3]     1.0066681  1.0200033
p.ind[7,3]     1.0063187  1.0187355
p.ind[8,3]     1.0033980  1.0081895
p.ind[9,3]     1.0046423  1.0126765
p.ind[10,3]    1.0051306  1.0144403
p.ind[11,3]    1.0055829  1.0160741
p.ind[12,3]    1.0066681  1.0200033
p.ind[13,3]    1.0054287  1.0155171
p.ind[14,3]    1.0069396  1.0209912
p.ind[15,3]    1.0080602  1.0251320
p.ind[16,3]    1.0060657  1.0178197
p.ind[17,3]    1.0046423  1.0126765
p.ind[18,3]    1.0049867  1.0139205
p.ind[19,3]    1.0037982  1.0096296
p.ind[20,3]    1.0111115  1.0339756
p.ind[21,3]    1.0071647  1.0172332
p.ind[22,3]    1.0111344  1.0341051
p.ind[23,3]    1.0049819  1.0089392
p.ind[24,3]    1.0065435  1.0147939
p.ind[25,3]    1.0091961  1.0254722
p.ind[26,3]    1.0071465  1.0171613
p.ind[27,3]    1.0067883  1.0157499
p.ind[28,3]    1.0042688  1.0064999
p.ind[29,3]    1.0075873  1.0189160
p.ind[30,3]    1.0107432  1.0321662
p.ind[31,3]    1.0066828  1.0153368
p.ind[32,3]    1.0091771  1.0253933
p.ind[33,3]    1.0112054  1.0347095
p.ind[34,3]    1.0104065  1.0306440
p.ind[35,3]    1.0060382  1.0128469
p.ind[36,3]    1.0074208  1.0182510
p.ind[37,3]    1.0057020  1.0115757
p.ind[38,3]    1.0027612  1.0029339
resid.prop[1]  1.0002476  1.0021349
resid.prop[2]  0.9995591  1.0001546

################################################################################
# Geweke Diagnostic
################################################################################

The Geweke diagnostic is a standard z-score, so we'd expect 5% to be outside +/-1.96
Number of variables outside +/-1.96 in each chain (out of 
173
):


       Chain 1 Chain 2 Chain 3
Geweke      60       2      85


And here are the Geweke diagnostics for all variables:


